> mem 0x9800 10 32
0x9800 | 00 00 00 00 00 00 00 00 00 00 00 00 00 00 00 00 00 00 00 00 00 00 00 00 00 00 00 00 00 00 00 00
0x9820 | 00 00 00 00 00 00 00 00 00 00 00 00 00 00 00 00 00 00 00 00 00 00 00 00 00 00 00 00 00 00 00 00
0x9840 | 00 00 00 00 00 00 00 00 00 00 00 00 00 00 00 00 00 00 00 00 00 00 00 00 00 00 00 00 00 00 00 00
0x9860 | 00 00 00 00 00 00 00 00 00 00 00 00 00 00 00 00 00 00 00 00 00 00 00 00 00 00 00 00 00 00 00 00
0x9880 | 00 00 00 00 00 00 00 00 00 00 00 00 00 00 00 00 00 00 00 00 00 00 00 00 00 00 00 00 00 00 00 00
0x98A0 | 00 00 00 00 00 00 00 00 00 00 00 00 00 00 00 00 00 00 00 00 00 00 00 00 00 00 00 00 00 00 00 00
0x98C0 | 00 00 00 00 00 00 00 00 00 00 00 00 00 00 00 00 00 00 00 00 00 00 00 00 00 00 00 00 00 00 00 00
0x98E0 | 00 00 00 00 00 00 00 00 00 00 00 00 00 00 00 00 00 00 00 00 00 00 00 00 00 00 00 00 00 00 00 00
0x9900 | 00 00 00 00 01 02 03 04 05 06 07 08 09 0A 0B 0C 19 00 00 00 00 00 00 00 00 00 00 00 00 00 00 00
0x9920 | 00 00 00 00 0D 0E 0F 10 11 12 13 14 15 16 17 18 00 00 00 00 00 00 00 00 00 00 00 00 00 00 00 00
> mem 0x8000 28
0x8000 | 00 00 00 00 00 00 00 00 00 00 00 00 00 00 00 00
0x8010 | F0 00 F0 00 FC 00 FC 00 FC 00 FC 00 F3 00 F3 00
0x8020 | 3C 00 3C 00 3C 00 3C 00 3C 00 3C 00 3C 00 3C 00
0x8030 | F0 00 F0 00 F0 00 F0 00 00 00 00 00 F3 00 F3 00
0x8040 | 00 00 00 00 00 00 00 00 00 00 00 00 CF 00 CF 00
0x8050 | 00 00 00 00 0F 00 0F 00 3F 00 3F 00 0F 00 0F 00
0x8060 | 00 00 00 00 00 00 00 00 C0 00 C0 00 0F 00 0F 00
0x8070 | 00 00 00 00 00 00 00 00 00 00 00 00 F0 00 F0 00
0x8080 | 00 00 00 00 00 00 00 00 00 00 00 00 F3 00 F3 00
0x8090 | 00 00 00 00 00 00 00 00 00 00 00 00 C0 00 C0 00
0x80A0 | 03 00 03 00 03 00 03 00 03 00 03 00 FF 00 FF 00
0x80B0 | C0 00 C0 00 C0 00 C0 00 C0 00 C0 00 C3 00 C3 00
0x80C0 | 00 00 00 00 00 00 00 00 00 00 00 00 FC 00 FC 00
0x80D0 | F3 00 F3 00 F0 00 F0 00 F0 00 F0 00 F0 00 F0 00
0x80E0 | 3C 00 3C 00 FC 00 FC 00 FC 00 FC 00 3C 00 3C 00
0x80F0 | F3 00 F3 00 F3 00 F3 00 F3 00 F3 00 F3 00 F3 00
0x8100 | F3 00 F3 00 C3 00 C3 00 C3 00 C3 00 C3 00 C3 00
0x8110 | CF 00 CF 00 CF 00 CF 00 CF 00 CF 00 CF 00 CF 00
0x8120 | 3C 00 3C 00 3F 00 3F 00 3C 00 3C 00 0F 00 0F 00
0x8130 | 3C 00 3C 00 FC 00 FC 00 00 00 00 00 FC 00 FC 00
0x8140 | FC 00 FC 00 F0 00 F0 00 F0 00 F0 00 F0 00 F0 00
0x8150 | F3 00 F3 00 F3 00 F3 00 F3 00 F3 00 F0 00 F0 00
0x8160 | C3 00 C3 00 C3 00 C3 00 C3 00 C3 00 FF 00 FF 00
0x8170 | CF 00 CF 00 CF 00 CF 00 CF 00 CF 00 C3 00 C3 00
0x8180 | 0F 00 0F 00 0F 00 0F 00 0F 00 0F 00 FC 00 FC 00
0x8190 | 3C 00 42 00 B9 00 A5 00 B9 00 A5 00 42 00 3C 00
0x81A0 | 00 00 00 00 00 00 00 00 00 00 00 00 00 00 00 00
0x81B0 | 00 00 00 00 00 00 00 00 00 00 00 00 00 00 00 00
